image: mapa.pgm
mode: trinary
resolution: 0.05
origin: [-4.749001502990723, 0.5442383289337158, -0.001434326171875]
negate: 0
occupied_thresh: 0.65
free_thresh: 0.25


